[[1]]
[1] "POP"

[[2]]
[1] "Pacific ocean perch - Bering Sea / Aleutian Islands"

[[3]]
[1] "BSAI"

[[4]]
[1] "Operational"

[[5]]
[1] 2022

[[6]]
[1] "Dec"

[[7]]
[1] "3a"

[[8]]
[1] 1

[[9]]
[1] 1

[[10]]
[1] 1000

[[11]]
[1] 3

[[12]]
[1] "NA"

[[13]]
[1] 2022

[[14]]
[1] "6 - Statistical Catch-at-Age"

[[15]]
[1] "Custom SCAA: Custom Statistical Catch-at-Age Model"

[[16]]
[1] "16.3"

[[17]]
[1] "NA"

[[18]]
[1] "AFSC"

[[19]]
[1] "paul.spencer@noaa.gov"

[[20]]
[1] "Full acceptance"

[[21]]
[1] 5

[[22]]
[1] 4

[[23]]
[1] 4

[[24]]
[1] 4

[[25]]
[1] 2

[[26]]
[1] 2021

[[27]]
[1] "F for Fully-Selected Fish"

[[28]]
[1] "Fully-selected F"

[[29]]
[1] 0.061

[[30]]
[1] 0.076

[[31]]
[1] "F from 2022 asmt corresponding to specified 2021 OFL"

[[32]]
[1] 0.089

[[33]]
[1] "F35% as proxy"

[[34]]
[1] 2022

[[35]]
[1] "Mature Female Biomass"

[[36]]
[1] "Metric Tons"

[[37]]
[1] 365392

[[38]]
[1] 468897

[[39]]
[1] 540797

[[40]]
[1] "Asymptotic"

[[41]]
[1] 95

[[42]]
[1] 228419

[[43]]
[1] "B35%"

[[44]]
 [1] 1960 1961 1962 1963 1964 1965 1966 1967 1968 1969 1970 1971 1972 1973 1974 1975 1976 1977 1978 1979
[21] 1980 1981 1982 1983 1984 1985 1986 1987 1988 1989 1990 1991 1992 1993 1994 1995 1996 1997 1998 1999
[41] 2000 2001 2002 2003 2004 2005 2006 2007 2008 2009 2010 2011 2012 2013 2014 2015 2016 2017 2018 2019
[61] 2020 2021 2022

[[45]]
 [1]  3  4  5  6  7  8  9 10 11 12 13 14 15 16 17 18 19 20 21 22 23 24 25 26 27 28 29 30 31 32 33 34 35
[34] 36 37 38 39 40

[[46]]
 [1] 232534  46932  41604  54156 258299 309127  49050  35680  35750  38961  31921  23562  29897  47612
[15]  38596  45259  22538  26696  25190  65272  57938  40855  73075 109661 150511  87569  67233 360300
[29]  66331 166488  72438 247695 132093  79771  37844  59075  48682 157577 122993 267596  58570 234344
[43]  73263 359339  47753 127431  50210 174275 201727 103049  92722 247101  76013  90485 147099 139050
[57]  91039 152136  78718 114677 109382 109382 109382

[[47]]
 [1] 506223 498547 479801 467570 438291 385580 333757 292282 260958 235547 217742 198651 188531 176034
[15] 166228 150040 136533 124229 118515 114432 111334 109431 108328 108937 110543 113365 117793 123739
[29] 131275 140842 151090 160790 175495 190315 205628 222424 238281 252042 265128 276368 283566 289746
[43] 295357 301567 309491 321364 335297 348871 361139 373930 385690 393637 397215 399178 398493 397735
[57] 397001 395886 393387 388105 379295 371619 365392

[[48]]
 [1] 1180000 1170000 1120000 1100000 1070000  976574  860844  762337  692444  618813  566251  485469
[13]  450263  408153  390170  351516  323436  291972  280052  275015  271723  270971  274099  286443
[25]  306542  325982  346315  392703  424422  463716  495622  527890  566157  593851  611394  630701
[37]  645925  662294  678462  710761  727333  760128  783391  827714  850143  878464  900030  925099
[49]  947069  963044  977495 1000000 1010000 1010000 1010000 1000000  992706  988152  976524  963443
[61]  940151  919074  902537

[[49]]
 [1] 0.01941740 0.15784900 0.07245240 0.17378800 0.53323800 0.75507700 0.82650500 0.69817900 0.78063500
[10] 0.55025300 0.78761800 0.31549100 0.37139600 0.14436800 0.35197200 0.27208000 0.35075300 0.13405800
[19] 0.09650240 0.08996310 0.05955160 0.05538330 0.01264920 0.00653470 0.00794304 0.00229112 0.00733080
[28] 0.01517670 0.02061930 0.03054400 0.09349640 0.03663450 0.05648000 0.06486010 0.04304390 0.03567250
[37] 0.04447830 0.03508650 0.02477370 0.03046140 0.02228140 0.02092890 0.02434050 0.03150980 0.02493060
[46] 0.02111930 0.02489520 0.03392630 0.03041820 0.02533810 0.02799740 0.03614010 0.03535510 0.04519500
[55] 0.04651050 0.04520920 0.04522310 0.04788670 0.05275970 0.06854160 0.06674710 0.06071860 0.06052000

[[50]]
 [1]   6100  47000  20100  45300 116200 125900 106100  75500  76400  53300  76800  31600  38900  15500
[15]  36400  25200  28900  10333   7516   7208   4969   4854   1183    663    879    277    972   2233
[29]   3350   5496  18324   7884  13534  17139  12554  11511  15681  13329  10003  12905   9780   9453
[43]  11215  14744  11896  10427  12867  18451  17436  15347  17851  24003  24154  31362  32381  31432
[57]  31187  32164  34431  43171  40417  35479  34234

[[51]]
[1] "aleutian islands groundfish bottom trawl"

[[52]]
[1] "SAFE report indicates that this stock was not subjected to overfishing in 2021 and is neither overfished nor approaching a condition of being overfished in 2022."

